61
49
13 13 13 13 13 13 13 7  13 13  13 13 13 13 13  13 13 13 13 13 13 13 13 13 13  13 13 13 13 13 7  13 13 13 13 13 13 13 13 13 13 13 13 13 13 13 13 13 13 13 13 13  13 7  13 13 13 13 13 13 13
13 18 18 18 18 18 18 15 18 18  18 18 18 18 13  1  1  1  1  1  1  1  1  13 18  18 18 18 18 18 15 18 18 18 18 18 18 13 1  1  1  1  1  1  1  1  13 18 18 18 18 18  18 15 18 18 18 18 18 18 13
13 18 6  6  6  18 4  4  4  18  6  6  6  18 13  1  1  1  1  1  1  1	1  13 18  6  6  6  18 4	 4  4  18 6  6	6  18 13 1  1  1  1  1  1  1  1  13 18 6  6  6  5	4  4  4  5  6  6  6  18 13																																																																																  13
13 18 6  6	6  18 4	 4  4  5   6  6  6	18 13  1  1  1  1  1  1  1  1  13 18  6  6  6  5  4  4  4  18 6  6  6  18 13 1  1  1  1  1  1  1  1  13 18 6  6  6  18  4  4  4  18 6  6  6  18 13
13 18 6  6	6  18 4  4  4  18  6  6  6  18 13  1  1  1  1  1  1  1  1  13 18  6  6  6  18  4  4  4  5  6  6  6  18 13 1  1  1  1  1  1  1  1  13 18 6  6  6  18  4  4  4  18 6  6  6  18 13
13 18 18 5 18 18 4  4	4  18  6  6  6  18 13  1  1  1  1  1  1  1  1  13 18  6  6  6  18 4  4  4  18 6  6  6  18 13 1  1  1  1  1  1  1  1  13 18 6  6  6  18  4  4  4  18 6  6  6  18 13
13 18 6  6  6  18 4  4  4  18  18 18 18 18 13  1  1  1  1  1  1  1  1  13 18  18 18 18 18 4  4  4  18 18 18 18 18 13 1  1  1  1  1  1  1  1  13 18 18 18 18 18  4  4  4  18 18 18 18 18 13
13 18 6  6  6  18 4  4  4  18  6  6  6  18 13  1  1  1  1  1  1  1  1  13 18  6  6  6  18 4  4  4  18 6  6  6  18 13 1  1  1  1  1  1  1  1  13 18 6  6  6  18  4  4  4  18 6  6  6  18 13 
13 18 6  6  6  18 4  4  4  5   6  6  6  18 13  1  1  1  1  1  1  1  1  13 18  6  6  6  18 4  4  4  18 6  6  6  18 13 1  1  1  1  1  1  1  1  13 18 6  6  6  5   4  4  4  18 6  6  6  18 13
13 18 6  6  6  18 4  4  4  18  6  6  6  18 13  1  1  1  1  1  1  1  1  13 18  6  6  6  5  4  4  4  5  6  6  6  18 13 1  1  1  1  1  1  1  1  13 18 6  6  6  18  4  4  4  5  6  6  6  18 13
13 18 6  6  6  5  4  4  4  18  6  6  6  18 13  1  1  1  1  1  1  1  1  13 18  6  6  6  18 4  4  4  18 6  6  6  18 13 1  1  1  1  1  1  1  1  13 18 6  6  6  18  4  4  4  18 6  6  6  18 13
13 18 6  6  6  18 4  4  4  18  18 18 18 18 13  1  1  1  1  1  1  1  1  13 18  18 18 18 18 4  4  4  18 18 18 18 18 13 1  1  1  1  1  1  1  1  13 18 18 18 18 18  4  4  4  18 18 18 18 18 13
13 18 6  6  6  18 4  4  4  5   6  6  6  18 13  1  1  1  1  1  1  1  1  13 18  6  6  6  18 4  4  4  18 6  6  6  18 13 1  1  1  1  1  1  1  1  13 18 6  6  6  18  4  4  4  5  6  6  6  18 13
13 18 6  6  6  18 4  4  4  18  6  6  6  18 13  1  1  1  1  1  1  1  1  13 18  6  6  6  18 4  4  4  18 6  6  6  18 13 1  1  1  1  1  1  1  1  13 18 6  6  6  18  4  4  4  18 18 18 18 18 13
13 18 18 5  18 18 4  4  4  18  18 18 18 18 13  1  1  1  1  1  1  1  1  13 18  6  6  6  5  4  4  4  5  6  6  6  18 13 1  1  1  1  1  1  1  1  13 18 6  6  6  18  4  4  4  5  6  6  6  18 13
13 18 6  6  6  5  4  4  4  5   6  6  6  18 13  1  1  1  1  1  1  1  1  13 18  6  6  6  18 4  4  4  18 6  6  6  18 13 1  1  1  1  1  1  1  1  13 18 6  6  6  5   4  4  4  18 18 18 18 18 13
13 18 18 18 18 18 4  4  4  18  18 18 18 18 18  19 19 19 19 19 19 19 19 18 18  18 18 18 18 4  4  4  18 18 18 18 18 18 19 19 19 19 19 19 19 19 18 18 18 18 18 18  4  4  4  4  18 18 18 18 18
13 18 6  6  18 4  4  4  4  4   4  4  4  4  4   4  4  4  4  4  4  4  4  4  4   4  4  4  4  4  4  4  4  4  4  4  4  4  4  4  4  4  4  4  4  4  4  4  4  4  4  4   4  4  4  4  18 6  6  6  18
13 18 6  6  0  4  4  4  4  4   4  4  4  4  4   4  4  4  4  4  4  4  4  4  4   4  4  4  4  4  4  4  4  4  4  4  4  4  4  4  4  4  4  4  4  4  4  4  4  4  4  4   4  4  4  4  0  6  6  6  18
13 18 6  6  18 4  4  4  4  4   4  4  4  4  4   4  4  4  4  4  4  4  4  4  4   4  4  4  4  4  4  4  4  4  4  4  4  4  4  4  4  4  4  4  4  4  4  4  4  4  4  4   4  4  4  4  18 6  6  6  18
13 18 18 18 18 18 4  4  4  18  18 18 18 18 18  19 19 19 19 19 19 19 19 18 18  18 18 18 18 4  4  4  18 18 18 18 18 13 19 19 19 19 19 19 19 19 18 18 18 18 18 18  4  4  4  4  18 6  6  6  18
13 18 6  6  6  18 4  4  4  5   6  6  2  18 13  1  1  1  1  1  1  1  1  13 18  6  6  6  18 4  4  4  5  6  6  2  18 13 1  1  1  1  1  1  1  1  13 18 3  6  6  6   4  4  4  18 18 18 18 18 13
13 18 6  6  6  5  4  4  4  18  18 18 18 18 13  1  1  1  1  1  1  1  1  13 18  6  6  6  5  4  4  4  18 18 18 18 18 13 1  1  1  1  1  1  1  1  13 18 18 18 18 18  4  4  4  18 6  6  6  18 13
13 18 6  6  6  18 4  4  4  5   6  6  6  18 13  1  1  1  1  1  1  1  1  13 18  6  6  6  18 4  4  4  5  6  6  6  18 13 1  1  1  1  1  1  1  1  13 18 6  6  6  18  4  4  4  18 6  6  6  18 13
13 18 6  6  6  18 4  4  4  18  18 18 18 18 13  1  1  1  1  1  1  1  1  13 18  18 18 18 18 4  4  4  18 18 18 18 18 13 1  1  1  1  1  1  1  1  13 18 6  6  6  5   4  4  4  5  6  6  6  18 13
13 18 6  6  6  18 4  4  4  18  6  6  6  18 13  1  1  1  1  1  1  1  1  13 18  6  6  6  18 4  4  4  18 6  6  6  18 13 1  1  1  1  1  1  1  1  13 18 6  6  6  18  4  4  4  18 6  6  6  18 13
13 18 6  6  6  18 4  4  4  18  6  6  6  18 13  1  1  1  1  1  1  1  1  13 18  6  6  6  5  4  4  4  5  6  6  6  18 13 1  1  1  1  1  1  1  1  13 18 18 18 18 18  4  4  4  18 18 18 18 18 13
13 18 18 5  18 18 4  4  4  18  6  6  6  18 13  1  1  1  1  1  1  1  1  13 18  6  6  6  18 4  4  4  18 6  6  6  18 13 1  1  1  1  1  1  1  1  13 18 6  6  6  18  4  4  4  18 6  6  6  18 13
13 18 6  6  6  5  4  4  4  18  6  6  6  18 13  1  1  1  1  1  1  1  1  13 18  18 18 18 18 4  4  4  18 18 18 18 18 13 1  1  1  1  1  1  1  1  13 18 6  6  6  5   4  4  4  18 6  6  6  18 13
13 18 18 18 18 18 4  4  4  5   6  6  6  18 13  1  1  1  1  1  1  1  1  13 18  6  6  6  18 4  4  4  5  6  6  6  18 13 1  1  1  1  1  1  1  1  13 18 6  6  6  18  4  4  4  18 6  6  6  18 13
13 18 6  6  6  18 4  4  4  18  6  6  6  18 13  1  1  1  1  1  1  1  1  13 18  6  6  6  5  4  4  4  18 6  6  6  18 13 1  1  1  1  1  1  1  1  13 18 18 18 18 18  4  4  4  5  6  6  6  18 13
13 18 18 5  18 18 4  4  4  18  18 18 18 18 13  1  1  1  1  1  1  1  1  13 18  6  6  6  18 4  4  4  18 6  6  6  18 13 1  1  1  1  1  1  1  1  13 18 6  6  6  18  4  4  4  18 6  6  6  18 13
13 18 6  6  6  18 4  4  4  18  6  6  6  18 13  1  1  1  1  1  1  1  1  13 18  18 18 18 18 4  4  4  18 18 18 18 18 13 1  1  1  1  1  1  1  1  13 18 6  6  6  5   4  4  4  18 18 18 18 18 13
13 18 6  6  6  5  4  4  4  18  6  6  6  18 13  1  1  1  1  1  1  1  1  13 18  6  6  6  18 4  4  4  18 6  6  6  18 13 1  1  1  1  1  1  1  1  13 18 6  6  6  18  4  4  4  5  6  6  6  18 13
13 18 6  6  6  18 4  4  4  18  6  6  6  18 13  1  1  1  1  1  1  1  1  13 18  6  6  6  5  4  4  4  18 6  6  6  18 13 1  1  1  1  1  1  1  1  13 18 18 18 18 18  4  4  4  18 6  6  6  18 13
13 18 18 18 18 18 4  4  4  18  6  6  6  18 13  1  1  1  1  1  1  1  1  13 18  6  6  6  18 4  4  4  5  6  6  6  18 13 1  1  1  1  1  1  1  1  13 18 3  6  6  5   4  4  4  18 6  6  6  18 13
13 18 6  6  6  18 4  4  4  18  6  6  6  18 13  1  1  1  1  1  1  1  1  13 18  18 18 18 18 4  4  4  18 18 18 18 18 13 1  1  1  1  1  1  1  1  13 18 18 18 18 18  4  4  4  18 6  6  6  18 13
13 18 6  6  6  5  4  4  4  5   6  6  6  18 13  1  1  1  1  1  1  1  1  13 18  3  6  6  5  4  4  4  5  6  6  6  18 13 1  1  1  1  1  1  1  1  13 18 6  6  6  18  4  4  4  18 18 18 18 18 13
13 18 6  6  6  18 4  4  4  18  6  6  6  18 13  1  1  1  1  1  1  1  1  13 18  18 18 18 18 4  4  4  18 6  6  6  18 13 1  1  1  1  1  1  1  1  13 18 6  6  6  5   4  4  4  18 6  6  6  18 13
13 18 18 18 18 18 4  4  4  18  6  6  6  18 13  1  1  1  1  1  1  1  1  13 18  6  6  6  5  4  4  4  18 6  6  6  18 13 1  1  1  1  1  1  1  1  13 18 6  6  6  18  4  4  4  5  6  6  6  18 13
13 18 3  6  6  5  4  4  4  18  6  6  6  18 13  1  1  1  1  1  1  1  1  13 18  18 18 18 18 4  4  4  18 18 18 18 18 18 19 19 19 19 19 19 19 19 18 18 18 18 18 18  4  4  4  18 6  6  6  18 13
13 18 18 18 18 18 18 18 18 18  18 18 18 18 13  1  1  1  1  1  1  1  1  13 18  18 18 18 18 4  4  4  4  4  4  4  4  4  4  4  4  4  4  4  4  4  4  4  4  4  4  4  4  4   4  18 18 18 18 18 13
13 13 13 13 13 13 13 13 13 13  13 13 13 13 13  13 13 13 13 13 13 13 13 13 13  13 13 13 18 4  4  4  4  4  4  4  4  4  4  4  4  4  4  4  4  4  18 18 18 18 18 18 18 18  18 13 13 13 13 13 13  
7  7  7  7  7  7  7  7  7  7   7  7  7  7  7   7  7  7  7  7  7  7  7  7  7   7  7  13 18 18 18 18 18 18 2  4  4  4  4  4  4  4  4  4  4  4	 5	6  6  6	 18	13 13 13  13 13 13 13 13 13 13																	
7  7  7  7  7  7  7  7  7  7   7  7  7  7  7   7  7  7  7  7  7  7  7  7  7   7  7  13 13 13 13 13 13 13 4  4  4  4  4  4  4  4  4  4  4  18 18 6  6  6  18 13 7  7   7  7  7  7  7  7  7
7  7  7  7  7  7  7  7  7  7   7  7  7  7  7   7  7  7  7  7  7  7  7  7  7   7  7  7  7  7  7  7  13 18 18 5  18 18 18 18 18 5  18 18 18 18 6  6  6  6  18 13 7  7   7  7  7  7  7  7  7
7  7  7  7  7  7  7  7  7  7   7  7  7  7  7   7  7  7  7  7  7  7  7  7  7   7  7  7  7  7  7  7  13 18 6  6  6  6  18 6  6  6  6  18 18 18 6  6  6  6  18 13 7  7   7  7  7  7  7  7  7
7  7  7  7  7  7  7  7  7  7   7  7  7  7  7   7  7  7  7  7  7  7  7  7  7   7  7  7  7  7  7  7  13 18 18 18 18 18 18 18 18 18 18 18 18 18 6  6  6  6  18 13 7  7   7  7  7  7  7  7  7
17 17 17 17 17 17 17 17 17 17  17 17 17 17 17  17 17 17 17 17 17 17 17 17 17  17 17 17 17 17 17 17 13 13 13 13 13 13 13 13 13 13 13 13 13 13 13 13 13 13 13 13 17 17  17 17 17 17 17 17 17																																	  			