48
52
13 13 13 13 13 13 13 13 13 13  13 13 13 13 13  13 13 13 13 13 13 13 13  13 13 13 13 13 13 13 13 13 13 13 13 13 13 13 1  1  1  1  1  1  1  1 13 18
13 18 4  18 18 18 18 18 18 18  18 18 18 18 13  1  1  1  1  1  1  1	1  13 18 18	18 18 18 4  2  4  18 18	18 18 18 13 1  1  1  1  1  1  1  1 13 18 																																																																																		  13
13 18 6  6	6  6  6	 6  6  6   6  6  6  18 13  1  1  1  1  1  1  1  1  13 18 6  6  6  18 18 8  18 18 6  6  6  18 13 1  1  1  1  1  1  1  1 13 18  
13 18 6  6	6  6  6  6  6  6   6  6  6  18 13  1  1  1  1  1  1  1  1  13 18 6  6  6  5  4  4  4  5  6  6  6  18 13 1  1  1  1  1  1  1  1 13 18  
13 18 6  6  6  6  6  6	6  6   6  6  6  18 13  1  1  1  1  1  1  1  1  13 18 6  6  6  18 4  4  4  18 6  6  6  18 13 1  1  1  1  1  1  1  1 13 18
13 18 18 18 18 18 18 5  18 18  18 18 18 18 13  1  1  1  1  1  1  1  1  13 18 18 18 18 18 4  4  4  18 18 18 18 18 13 1  1  1  1  1  1  1  1 13 18
13 18 6  6  6  18 4  4  4  18  6  6  6  18 13  1  1  1  1  1  1  1  1  13 18 6  6  6  18 4  4  4  18 6  6  6  18 13 1  1  1  1  1  1  1  1 13 18
13 18 6  6  6  5  4  4  4  5   6  6  6  18 13  1  1  1  1  1  1  1  1  13 18 6  6  6  5  4  4  4  18 6  6  6  18 13 1  1  1  1  1  1  1  1 13 18
13 18 6  6  6  18 4  4  4  18  6  6  6  18 13  1  1  1  1  1  1  1  1  13 18 6  6  6  18 4  4  4  5  6  6  6  18 13 1  1  1  1  1  1  1  1 13 18
13 18 6  6  6  18 4  4  4  18  6  6  6  18 13  1  1  1  1  1  1  1  1  13 18 6  6  6  18 4  4  4  18 6  6  6  18 13 1  1  1  1  1  1  1  1 13 18
13 18 18 18 18 18 4  4  4  18  18 18 18 18 13  1  1  1  1  1  1  1  1  13 18 18 18 18 18 4  4  4  18 6  6  6  18 13 1  1  1  1  1  1  1  1 13 18
13 18 6  6  6  18 4  4  4  18  6  6  6  18 13  1  1  1  1  1  1  1  1  13 18 6  6  6  18 4  4  4  18 6  6  6  18 13 1  1  1  1  1  1  1  1 13 18
13 18 6  6  6  5  4  4  4  5   6  6  6  18 13  1  1  1  1  1  1  1  1  13 18 6  6  6  5  4  4  4  18 6  6  6  18 13 1  1  1  1  1  1  1  1 13 18
13 18 6  6  6  18 4  4  4  18  6  6  6  18 13  1  1  1  1  1  1  1  1  13 18 6  6  6  18 4  4  4  18 18 18 18 18 13 1  1  1  1  1  1  1  1 13 18
13 18 6  6  6  18 4  4  4  18  6  6  6  18 13  1  1  1  1  1  1  1  1  13 18 6  6  6  18 4  4  4  5 6  6  6  18  13 1  1  1  1  1  1  1  1 13 18
13 18 18 18 18 18 18 8  18 18  18 18 18 18 13  1  1  1  1  1  1  1  1  13 18 18 18 18 18 18 8 18  18 18 18 18 18 13 1  1  1  1  1  1  1  1 13 18
13 7  7  7  7  7  7  7  7  7   7  7  7  7  7   7  7  7  7  7  7  7  7  7  7  7  7  7  7  7  7  7  7  7  7  7  7  7  7  7  7  7  7  7  7  7  7  7          								18  4  4  4  4  4  4  4  4  4  4  4  4  4
13 7  7  7  7  7  7  7  7  7   7  7  7  7  7   7  7  7  7  7  7  7  7  7  7  7  7  7  7  7  7  7  7  7  7  7  7  7	7  7  7  7  7  7  7  7  7  7										 8   4  4  4  4  4  4  4  4  4  4  4  4  4
13 7  7  7  7  7  7  7  7  7   7  7  7  7  7   7  7  7  7  7  7  7  7  7  7  7  7  7  7  7  7  7  7  7  7  7  7  7	7  7  7  7  7  7  7  7  7  7 										 18  4  4  4  4  4  4  4  4  4  4  4  4  4
13 18 18 18 18 18 18 8  18 18  18 18 18 18 13  1  1  1  1  1  1  1  1  13 18 18 18 18 18 18 8 18  18 18 18 18 18 13 1  1  1  1  1  1  1  1 13 18
13 18 6  6  6  18 4  4  4  4   4  4  2  18 13  1  1  1  1  1  1  1  1  13 18 6  6  6 18  4  4  4  4  4  4  2  18 13 1  1  1  1  1  1  1  1 13 18
13 18 6  6  6  18 18 8  18 18  18 18 18 18 13  1  1  1  1  1  1  1  1  13 18 6  6  6 5  18  8  18 18 18 18 18 18 13 1  1  1  1  1  1  1  1 13 18
13 18 6  6  6  18 4  4  4  5   6  6  6  18 13  1  1  1  1  1  1  1  1  13 18 6  6  6 18  4  4  4  5  6  6  6  18 13 1  1  1  1  1  1  1  1 13 18
13 18 6  6  6  5  4  4  4  18  18 18 18 18 13  1  1  1  1  1  1  1  1  13 18 18 18 18 18 4  4  4  18 18 18 18 18 13 1  1  1  1  1  1  1  1 13 18
13 18 6  6  6  18 4  4  4  18  6  6  6  18 13  1  1  1  1  1  1  1  1  13 18 6  6  6  18 4  4  4  18 6  6  6  18 13 1  1  1  1  1  1  1  1 13 18
13 18 6  6  6  18 4  4  4  5   6  6  6  18 13  1  1  1  1  1  1  1  1  13 18 6  6  6  5  4  4  4  5  6  6  6  18 13 1  1  1  1  1  1  1  1 13 18
13 18 6  6  6  18 4  4  4  18  6  6  6  18 13  1  1  1  1  1  1  1  1  13 18 6  6  6  18 4  4  4  18 6  6  6  18 13 1  1  1  1  1  1  1  1 13 18
13 18 6  6  6  18 4  4  4  18  6  6  6  18 13  1  1  1  1  1  1  1  1  13 18 18 18 18 18 4  4  4  18 18 18 18 18 13 1  1  1  1  1  1  1  1 13 18
13 18 18 18 18 18 4  4  4  18  18 18 18 18 13  1  1  1  1  1  1  1  1  13 18 6  6  6  18 4  4  4  18 6  6  6  18 13 1  1  1  1  1  1  1  1 13 18
13 18 6  6  6  18 4  4  4  18  6  6  6  18 13  1  1  1  1  1  1  1  1  13 18 6  6  6  5  4  4  4  5  6  6  6  18 13 1  1  1  1  1  1  1  1 13 18
13 18 6  6  6  18 4  4  4  5   6  6  6  18 13  1  1  1  1  1  1  1  1  13 18 6  6  6  18 4  4  4  18 6  6  6  18 13 1  1  1  1  1  1  1  1 13 18
13 18 6  6  6  18 4  4  4  18  6  6  6  18 13  1  1  1  1  1  1  1  1  13 18 18 18 18 18 4  4  4  18 18 18 18 18 13 1  1  1  1  1  1  1  1 13 18
13 18 6  6  6  18  4  4  4 18  6  6  6  18 13  1  1  1  1  1  1  1  1  13 18 6  6  6  18 4  4  4  18 6  6  6  18 13 1  1  1  1  1  1  1  1 13 18
13 18 6  6  6  5   4  4  4 18  18 18 18 18 13  1  1  1  1  1  1  1  1  13 18 6  6  6  5  4  4  4  5  6  6  6  18 13 1  1  1  1  1  1  1  1 13 18
13 18 6  6  6  18  4  4  4 18  6  6  6  18 13  1  1  1  1  1  1  1  1  13 18 6  6  6  18 4  4  4  18 6  6  6  18 13 1  1  1  1  1  1  1  1 13 18
13 18 6  6  6  18  4  4  4 18  6  6  6  18 13  1  1  1  1  1  1  1  1  13 18 18 18 18 18 4  4  4  18 18 18 18 18 13 1  1  1  1  1  1  1  1 13 18
13 18 6  6  6  18  4  4  4 5   6  6  6  18 13  1  1  1  1  1  1  1  1  13 18 6  6  6  5  4  4  4  18 6  18  6 18 13 1  1  1  1  1  1  1  1 13 18
13 18 6  6  6  18 4  4  4  18  6  6  6  18 13  1  1  1  1  1  1  1  1  13 18 18 18 18 18 4  4  4  5  6  18  6 18 13 1  1  1  1  1  1  1  1 13 18
13 18 18 18 18 18 4  4  4  18  6  6  6  18 13  1  1  1  1  1  1  1  1  13 18 6  6  6  5  4  4  4  18 6  18  6 18 13 1  1  1  1  1  1  1  1 13 18
13 18 2  4  4  5  4  4  4  18  18 18 18 18 13  19 19 19 19 19 19 19 19 13 18 18 18 18 18 4  4  4  18 18 18  5 18 13 1  1  1  1  1  1  1  1 13 18
13 18 18 18 18 18 4  4  4  4   4  4  4  4  4  4  4  4  4  4  4  4  4  4  4  4  4  4  4  4  4  4  4  4  4  4  4  4  4  4  4  4  4  4  4  4  4  4
13 18 6  6  6  5  4  4  4  4   4  4  4  4  4  4  4  4  4  4  4  4  4  4  4  4  4  4  4  4  4  4  4  4  4  4  4  4  4  4  4  4  4  4  4  4  4  4 
13 18 6  6  6  18  4  4  4  4   4  4  4  4  4  4  4  4  4  4  4  4  4  4  4  4  4  4  4  4  4  4  4  4  4  4  4  4  4  4  4  4  4  4  4  4  4  4             
13 18 6  6  6  18  18 18 18 5   18 18 18 18 18 18 18 18 18 18 5  18 18 18 18 18 18 18 18 18 18 18 5  18 18 18 18 18 18 18 18 4  4  4  4  4  4  4
13 18 6  6  6  18  6  6  6  6   6  6  6  18 6  6  6  6  6  6  6  6  6  6  6  6  6  6  18 6  6  6  6  6  6  6  6  18 4  4  18 4  4  4  4  4  4  4
13 18 6  6  6  18  6  6  6  6   6  6  6  18 6  6  6  6  6  6  6  6  6  6  6  6  6  6  18 6  6  6  6  6  6  6  6  18 18 5  18 4  4  4  4  4  4  4 
13 18 6  6  6  18  6  6  6  6   6  6  6  18 6  6  6  6  6  6  6  6  6  6  6  6  6  6  18 6  6  6  6  6  6  6  6  18 4  4  4  4  4  4  4  4  4  4
13 18 6  6  6  18  6  6  6  6   6  6  6  18 6  6  6  6  6  6  6  6  6  6  6  6  6  6  18 6  6  6  6  6  6  6  6  18 4  4  4  4  4  4  4  4  4  4
13 18 6  6  6  18  6  6  6  6   6  6  6  18 6  6  6  6  6  6  6  6  6  6  6  6  6  6  18 6  6  6  6  6  6  6  6  18 4  4  4  4  4  4  4  4  4  4 
13 18 6  6  6  18  6  6  6  6   6  6  6  18 6  6  6  6  6  6  6  6  6  6  6  6  6  6  18 6  6  6  6  6  6  6  6  18 4  4  4  4  4  4  4  4  4  4 
13 18 18 18 18 18  18 18 18 18  18 18 18 18 18 18 18 18 18 18 18 18 18 18 18 18 18 18 18 18 18 18 18 18 18 18 18 18 18 18 18 18 18 18 18 18 18 18
13 13 13 13 13 13  13 13 13 13  13 13 13 13 13 13 13 13 13 13 13 13 13 13 13 13 13 13 13 13 13 13 13 13 13 13 13 13 13 13 13 13 13 13 13 13 13 13  